

PULSAZIONE: 0.8 10
errore quadratico: 0.4520339194024741
pulsazione: 0.0012566374447857565
ampiezza: 0.9995736253576468
fase: 0.08054817477584249
periodo: 4999.998474699919
computational time: 1.0023529529571533

PULSAZIONE: 0.0125 10
errore quadratico: 1.019822705105458e-09
pulsazione: 0.0015202581284246345
ampiezza: 8.206399561302417
fase: 5.43788690925023e-06
periodo: 4132.972677271938
computational time: 1.0234620571136475

PULSAZIONE: 0.005024 10
errore quadratico: 3.6756107517923654e-12
pulsazione: 0.0015042337286172713
ampiezza: 3.3389411628250825
fase: 7.849154895089843e-07
periodo: 4177.000679911123
computational time: 0.7656280994415283

PULSAZIONE: 0.0013 10
errore quadratico: 3.706683491036263e-15
pulsazione: 0.0013441084523346932
ampiezza: 0.9671731147725787
fase: -5.724251322934443e-07
periodo: 4674.611856108636
computational time: 0.9969849586486816
